0.          -0.40462656  -0.92152405  -1.41994878  -2.02698974
-2.49319261  -2.981863    -3.44938249  -4.06521505  -4.48092147
-5.04674801  -5.49669554  -5.66798782  -6.30658607  -6.86170889
-7.41191589  -7.99507845  -8.42348065  -9.02147006  -9.73719073
-10.05391156 -10.45889909 -10.94503489 -11.37889144 -12.01201807
-12.37713736 -12.72120747 -13.1359063  -13.6292571  -14.0918917
-14.38560256 -14.75769189 -15.0859315  -15.57650335 -15.96616854
-16.17543115 -16.39798199 -16.83248337 -17.22181339 -17.83155966
-18.11097544 -18.50152776 -19.03384599 -19.18195867 -19.78213882
-20.17393209 -20.64476632 -21.06280649 -21.38806646 -21.65071964
-22.10929903 -22.64739571 -23.13147361 -23.40009178 -23.9805547
-24.52878966 -24.68841373 -25.07086164 -25.52799584 -26.04160158
-26.34698522 -27.02410574 -27.49802045 -28.17800702 -28.62802318
-28.8352616  -29.03733287 -29.80553914 -30.21075945 -30.51001279
-30.8160008  -31.34562504 -31.65958723 -32.1233464  -32.59757785
-33.04562297 -33.08573827 -33.21050356 -33.32543816 -33.59273207
-33.92608253 -34.36430552 -34.94971376 -35.53900824 -35.7271161
-36.01303872 -36.52960164 -36.77030641 -37.52052078 -37.69868767
-37.99055524 -38.3744221  -38.73322587 -38.90884433 -39.26081046
-39.45875572 -39.47502418 -39.95111267 -40.61418788 -38.90136344
