91.250000	1.000000
91.350000	8.000000
91.450000	39.000000
91.550000	94.000000
91.650000	213.000000
91.750000	317.000000
91.850000	435.000000
91.950000	511.000000
92.050000	562.000000
92.150000	498.000000
92.250000	501.000000
92.350000	455.000000
92.450000	344.000000
92.550000	210.000000
92.650000	154.000000
92.750000	122.000000
92.850000	46.000000
92.950000	41.000000
93.050000	67.000000
93.150000	54.000000
93.250000	49.000000
93.350000	41.000000
93.450000	20.000000
93.550000	12.000000
93.650000	4.000000
93.750000	1.000000
