80.150000	3.000000
80.250000	4.000000
80.350000	9.000000
80.450000	19.000000
80.550000	54.000000
80.650000	94.000000
80.750000	116.000000
80.850000	204.000000
80.950000	306.000000
81.050000	404.000000
81.150000	447.000000
81.250000	488.000000
81.350000	471.000000
81.450000	454.000000
81.550000	408.000000
81.650000	335.000000
81.750000	240.000000
81.850000	165.000000
81.950000	137.000000
82.050000	107.000000
82.150000	77.000000
82.250000	59.000000
82.350000	46.000000
82.450000	49.000000
82.550000	40.000000
82.650000	30.000000
82.750000	21.000000
82.850000	10.000000
82.950000	2.000000
