80.350000	2.000000
80.450000	1.000000
80.550000	4.000000
80.650000	4.000000
80.750000	15.000000
80.850000	35.000000
80.950000	63.000000
81.050000	155.000000
81.150000	230.000000
81.250000	337.000000
81.350000	496.000000
81.450000	499.000000
81.550000	608.000000
81.650000	596.000000
81.750000	535.000000
81.850000	436.000000
81.950000	320.000000
82.050000	173.000000
82.150000	109.000000
82.250000	72.000000
82.350000	49.000000
82.450000	25.000000
82.550000	25.000000
82.650000	5.000000
82.750000	5.000000
