96.150000	2.000000
96.250000	13.000000
96.350000	109.000000
96.450000	146.000000
96.550000	193.000000
96.650000	316.000000
96.750000	569.000000
96.850000	567.000000
96.950000	626.000000
97.050000	598.000000
97.150000	477.000000
97.250000	324.000000
97.350000	279.000000
97.450000	189.000000
97.550000	122.000000
97.650000	82.000000
97.750000	53.000000
97.850000	12.000000
97.950000	4.000000
98.050000	18.000000
98.150000	21.000000
98.250000	10.000000
98.350000	3.000000
98.450000	8.000000
98.550000	23.000000
98.650000	12.000000
98.750000	6.000000
98.850000	9.000000
98.950000	3.000000
99.050000	2.000000
99.150000	3.000000
