92.850000	4.000000
92.950000	5.000000
93.050000	25.000000
93.150000	66.000000
93.250000	79.000000
93.350000	96.000000
93.450000	146.000000
93.550000	240.000000
93.650000	406.000000
93.750000	524.000000
93.850000	494.000000
93.950000	580.000000
94.050000	591.000000
94.150000	452.000000
94.250000	356.000000
94.350000	278.000000
94.450000	183.000000
94.550000	109.000000
94.650000	55.000000
94.750000	22.000000
94.850000	28.000000
94.950000	32.000000
95.050000	15.000000
95.150000	4.000000
95.250000	1.000000
95.350000	4.000000
95.450000	4.000000
