95.150000	6.000000
95.250000	36.000000
95.350000	54.000000
95.450000	64.000000
95.550000	131.000000
95.650000	169.000000
95.750000	339.000000
95.850000	548.000000
95.950000	613.000000
96.050000	762.000000
96.150000	691.000000
96.250000	444.000000
96.350000	265.000000
96.450000	182.000000
96.550000	145.000000
96.650000	96.000000
96.750000	103.000000
96.850000	44.000000
96.950000	27.000000
97.050000	9.000000
97.150000	5.000000
97.250000	16.000000
97.350000	4.000000
97.450000	12.000000
97.550000	4.000000
97.650000	7.000000
97.750000	5.000000
97.850000	9.000000
97.950000	9.000000
