79.450000	1.000000
79.650000	2.000000
79.750000	8.000000
79.850000	8.000000
79.950000	22.000000
80.050000	50.000000
80.150000	75.000000
80.250000	186.000000
80.350000	289.000000
80.450000	454.000000
80.550000	503.000000
80.650000	572.000000
80.750000	586.000000
80.850000	537.000000
80.950000	479.000000
81.050000	367.000000
81.150000	236.000000
81.250000	166.000000
81.350000	107.000000
81.450000	61.000000
81.550000	32.000000
81.650000	24.000000
81.750000	15.000000
81.850000	5.000000
81.950000	9.000000
82.050000	5.000000
