96.450000	2.000000
96.550000	6.000000
96.650000	35.000000
96.750000	78.000000
96.850000	208.000000
96.950000	439.000000
97.050000	530.000000
97.150000	597.000000
97.250000	575.000000
97.350000	553.000000
97.450000	596.000000
97.550000	493.000000
97.650000	272.000000
97.750000	187.000000
97.850000	65.000000
97.950000	48.000000
98.050000	21.000000
98.150000	11.000000
98.250000	13.000000
98.350000	2.000000
98.450000	5.000000
98.550000	14.000000
98.650000	31.000000
98.750000	17.000000
98.850000	1.000000
