82.450000	1.000000
82.550000	4.000000
82.650000	18.000000
82.750000	38.000000
82.850000	83.000000
82.950000	119.000000
83.050000	240.000000
83.150000	327.000000
83.250000	421.000000
83.350000	505.000000
83.450000	546.000000
83.550000	533.000000
83.650000	461.000000
83.750000	426.000000
83.850000	310.000000
83.950000	229.000000
84.050000	176.000000
84.150000	111.000000
84.250000	87.000000
84.350000	71.000000
84.450000	38.000000
84.550000	26.000000
84.650000	15.000000
84.750000	9.000000
84.850000	5.000000
