78.450000	1.000000
78.550000	4.000000
78.650000	9.000000
78.750000	20.000000
78.850000	54.000000
78.950000	88.000000
79.050000	187.000000
79.150000	253.000000
79.250000	346.000000
79.350000	423.000000
79.450000	513.000000
79.550000	533.000000
79.650000	484.000000
79.750000	487.000000
79.850000	420.000000
79.950000	377.000000
80.050000	268.000000
80.150000	155.000000
80.250000	87.000000
80.350000	42.000000
80.450000	33.000000
80.550000	8.000000
80.650000	3.000000
80.750000	2.000000
80.850000	2.000000
