93.450000	2.000000
93.550000	19.000000
93.650000	24.000000
93.750000	42.000000
93.850000	62.000000
93.950000	88.000000
94.050000	163.000000
94.150000	310.000000
94.250000	389.000000
94.350000	532.000000
94.450000	580.000000
94.550000	521.000000
94.650000	417.000000
94.750000	413.000000
94.850000	397.000000
94.950000	338.000000
95.050000	208.000000
95.150000	118.000000
95.250000	87.000000
95.350000	45.000000
95.450000	15.000000
95.550000	14.000000
95.650000	4.000000
95.750000	5.000000
95.850000	6.000000
