81.250000	1.000000
81.350000	4.000000
81.450000	4.000000
81.550000	5.000000
81.650000	16.000000
81.750000	36.000000
81.850000	60.000000
81.950000	87.000000
82.050000	139.000000
82.150000	259.000000
82.250000	375.000000
82.350000	472.000000
82.450000	568.000000
82.550000	563.000000
82.650000	560.000000
82.750000	459.000000
82.850000	409.000000
82.950000	282.000000
83.050000	208.000000
83.150000	144.000000
83.250000	83.000000
83.350000	46.000000
83.450000	16.000000
83.550000	2.000000
83.650000	1.000000
