78.650000	1.000000
78.750000	3.000000
78.850000	22.000000
78.950000	40.000000
79.050000	69.000000
79.150000	125.000000
79.250000	186.000000
79.350000	254.000000
79.450000	368.000000
79.550000	441.000000
79.650000	556.000000
79.750000	588.000000
79.850000	539.000000
79.950000	488.000000
80.050000	404.000000
80.150000	277.000000
80.250000	181.000000
80.350000	94.000000
80.450000	60.000000
80.550000	44.000000
80.650000	33.000000
80.750000	11.000000
80.850000	10.000000
80.950000	2.000000
81.050000	2.000000
81.150000	1.000000
