93.950000	4.000000
94.050000	21.000000
94.150000	54.000000
94.250000	152.000000
94.350000	226.000000
94.450000	333.000000
94.550000	452.000000
94.650000	641.000000
94.750000	629.000000
94.850000	560.000000
94.950000	550.000000
95.050000	362.000000
95.150000	251.000000
95.250000	154.000000
95.350000	110.000000
95.450000	96.000000
95.550000	41.000000
95.650000	20.000000
95.750000	23.000000
95.850000	20.000000
95.950000	25.000000
96.050000	9.000000
96.150000	22.000000
96.250000	27.000000
96.350000	15.000000
96.450000	2.000000
