90.050000	5.000000
90.150000	23.000000
90.250000	57.000000
90.350000	152.000000
90.450000	242.000000
90.550000	337.000000
90.650000	473.000000
90.750000	518.000000
90.850000	546.000000
90.950000	577.000000
91.050000	532.000000
91.150000	482.000000
91.250000	334.000000
91.350000	203.000000
91.450000	113.000000
91.550000	75.000000
91.650000	45.000000
91.750000	16.000000
91.850000	13.000000
91.950000	10.000000
92.050000	5.000000
92.150000	1.000000
92.250000	4.000000
92.350000	2.000000
92.450000	14.000000
92.550000	15.000000
92.650000	4.000000
92.750000	1.000000
