87.850000	1.000000
87.950000	1.000000
88.050000	7.000000
88.150000	7.000000
88.250000	9.000000
88.350000	33.000000
88.450000	57.000000
88.550000	96.000000
88.650000	153.000000
88.750000	265.000000
88.850000	364.000000
88.950000	448.000000
89.050000	484.000000
89.150000	516.000000
89.250000	527.000000
89.350000	503.000000
89.450000	458.000000
89.550000	368.000000
89.650000	218.000000
89.750000	132.000000
89.850000	72.000000
89.950000	52.000000
90.050000	18.000000
90.150000	8.000000
90.250000	2.000000
