87.250000	4.000000
87.350000	15.000000
87.450000	41.000000
87.550000	104.000000
87.650000	148.000000
87.750000	208.000000
87.850000	284.000000
87.950000	342.000000
88.050000	491.000000
88.150000	524.000000
88.250000	573.000000
88.350000	542.000000
88.450000	449.000000
88.550000	361.000000
88.650000	276.000000
88.750000	166.000000
88.850000	99.000000
88.950000	68.000000
89.050000	33.000000
89.150000	24.000000
89.250000	19.000000
89.350000	7.000000
89.450000	3.000000
89.550000	2.000000
89.650000	6.000000
89.750000	1.000000
89.850000	3.000000
89.950000	1.000000
90.050000	4.000000
90.150000	1.000000
