94.350000	4.000000
94.450000	5.000000
94.550000	7.000000
94.650000	11.000000
94.750000	21.000000
94.850000	44.000000
94.950000	174.000000
95.050000	315.000000
95.150000	448.000000
95.250000	583.000000
95.350000	749.000000
95.450000	705.000000
95.550000	529.000000
95.650000	381.000000
95.750000	319.000000
95.850000	211.000000
95.950000	129.000000
96.050000	69.000000
96.150000	25.000000
96.250000	8.000000
96.350000	1.000000
96.550000	4.000000
96.650000	9.000000
96.750000	5.000000
96.850000	12.000000
96.950000	7.000000
97.050000	2.000000
97.150000	5.000000
97.250000	6.000000
97.350000	3.000000
97.450000	8.000000
