94.050000	3.000000
94.150000	16.000000
94.250000	29.000000
94.350000	32.000000
94.450000	96.000000
94.550000	133.000000
94.650000	226.000000
94.750000	316.000000
94.850000	416.000000
94.950000	502.000000
95.050000	511.000000
95.150000	487.000000
95.250000	433.000000
95.350000	398.000000
95.450000	337.000000
95.550000	220.000000
95.650000	120.000000
95.750000	132.000000
95.850000	137.000000
95.950000	79.000000
96.050000	60.000000
96.150000	29.000000
96.250000	32.000000
96.350000	24.000000
96.450000	13.000000
96.550000	13.000000
96.650000	5.000000
