96.750000	3.000000
96.850000	20.000000
96.950000	64.000000
97.050000	70.000000
97.150000	166.000000
97.250000	249.000000
97.350000	423.000000
97.450000	583.000000
97.550000	625.000000
97.650000	649.000000
97.750000	645.000000
97.850000	473.000000
97.950000	386.000000
98.050000	209.000000
98.150000	53.000000
98.250000	28.000000
98.350000	7.000000
98.450000	9.000000
98.550000	45.000000
98.650000	7.000000
98.750000	20.000000
98.850000	23.000000
98.950000	14.000000
99.050000	19.000000
99.150000	9.000000
