92.650000	1.000000
92.750000	6.000000
92.850000	31.000000
92.950000	74.000000
93.050000	159.000000
93.150000	253.000000
93.250000	333.000000
93.350000	418.000000
93.450000	437.000000
93.550000	509.000000
93.650000	554.000000
93.750000	479.000000
93.850000	445.000000
93.950000	295.000000
94.050000	267.000000
94.150000	179.000000
94.250000	127.000000
94.350000	78.000000
94.450000	32.000000
94.550000	25.000000
94.650000	25.000000
94.750000	29.000000
94.850000	21.000000
94.950000	14.000000
95.050000	8.000000
