87.550000	1.000000
87.650000	2.000000
87.750000	1.000000
87.850000	13.000000
87.950000	12.000000
88.050000	28.000000
88.150000	68.000000
88.250000	110.000000
88.350000	172.000000
88.450000	277.000000
88.550000	427.000000
88.650000	550.000000
88.750000	628.000000
88.850000	639.000000
88.950000	564.000000
89.050000	483.000000
89.150000	364.000000
89.250000	225.000000
89.350000	106.000000
89.450000	77.000000
89.550000	29.000000
89.650000	12.000000
89.750000	2.000000
89.950000	5.000000
90.050000	3.000000
90.150000	1.000000
