95.450000	2.000000
95.550000	19.000000
95.650000	27.000000
95.750000	76.000000
95.850000	148.000000
95.950000	275.000000
96.050000	467.000000
96.150000	569.000000
96.250000	754.000000
96.350000	619.000000
96.450000	502.000000
96.550000	453.000000
96.650000	351.000000
96.750000	204.000000
96.850000	118.000000
96.950000	38.000000
97.050000	26.000000
97.150000	25.000000
97.250000	12.000000
97.350000	19.000000
97.450000	39.000000
97.550000	28.000000
97.650000	8.000000
97.750000	14.000000
97.850000	3.000000
97.950000	3.000000
