90.550000	6.000000
90.650000	10.000000
90.750000	25.000000
90.850000	75.000000
90.950000	154.000000
91.050000	203.000000
91.150000	300.000000
91.250000	414.000000
91.350000	488.000000
91.450000	599.000000
91.550000	473.000000
91.650000	447.000000
91.750000	381.000000
91.850000	339.000000
91.950000	272.000000
92.050000	215.000000
92.150000	132.000000
92.250000	129.000000
92.350000	49.000000
92.450000	22.000000
92.550000	21.000000
92.650000	14.000000
92.750000	17.000000
92.850000	6.000000
92.950000	4.000000
93.050000	2.000000
93.150000	2.000000
